-1
-1
-1
131417
-1
-1
-1
137356
-1
-1
-1
131167
678
1240
17382
147836
736
866
16886
120725
1032
1140
16966
131145
476
1228
17662
131474
656
708
16846
137333
266
980
17246
131190
-854
888
16796
131457
342
1384
17246
137404
696
800
17512
131482
-138
5658
14992
131626
276
6386
13938
137302
868
718
17022
131518
678
1144
17098
143601
562
1118
16898
125631
772
1144
17242
131525
446
1154
17276
144298
226
70
21782
124253
860
5434
15256
141830
318
5112
16494
121008
4786
7706
17248
137812
2592
3534
23320
131217
4082
-2800
12400
131194
452
-3164
14958
137343
1626
-64
18568
131272
1984
4458
27624
137211
-114
516
14076
132358
-1904
11220
-26706
131161
-3256
3934
-2494
131147
27370
-808
32767
137363
-11468
3954
-32768
131186
3186
5790
7400
131565
17334
-9992
24144
137720
-2382
-342
-11830
131125
12454
-9406
32767
124921
3340
662
22888
143818
12752
-1622
13830
131098
16534
-3792
-13114
131658
9292
1960
-8452
137709
-2224
-7602
32767
125201
7296
5446
-6636
137213
394
-4386
23152
137317
13720
1962
-7428
131147
3884
-2246
20222
131145
-746
3476
17664
138033
1444
2196
17346
131381
1754
2530
16204
136407
2724
2302
16936
132911
2784
2376
16940
131149
3776
1844
17814
131199
8366
488
20704
122473
11858
2512
17756
146795
5434
6484
7046
131156
7482
9182
9868
137352
5696
11216
10210
131141
3808
12826
9164
124361
2564
15624
9236
128550
2678
16398
8554
146930
3584
16814
6472
131203
-2100
17388
7484
125455
-24532
24058
6232
137738
-26388
-21158
-15402
125412
32767
-24332
26748
137177
19458
-1108
11448
131327
11478
-118
12120
147113
12154
1510
10278
121572
13058
2964
8354
131992
13932
2470
7830
131213
14920
1196
10156
137632
14582
678
10758
131296
13058
356
11032
131166
13276
332
10026
137429
12658
-1696
12774
131663
10276
2390
11258
143144
9460
4062
14078
125333
-1
-1
-1
126327
-1
-1
-1
140007
-1
-1
-1
133683
-1
-1
-1
131665
-1
-1
-1
130741
-1
-1
-1
137205
-1
-1
-1
136418
-1
-1
-1
129232
-1
-1
-1
137449
-1
-1
-1
132034